| n    | Tempo vizinho mais próximo (s) | Tempo menor aumento (s) |
| ---- | ------------------------------ | ----------------------- |
|  1000  | 0,0040                           | 0,0110                    |
|  2000  | 0,0100                           | 0,0160                    |
|  4000  | 0,0300                           | 0,0450                    |
|  8000  | 0,1970                           | 0,2280                    |
|  16000  | 1,2240                           | 1,2630                    |
|  32000  | 5,9060                           | 6,0850                    |
|  64000  | 25,8410                           | 26,3520                    |
|  128000  | 122,6960                           | 74,1610                    |
